kinematics:
  shoulder:
    x: 0
    y: 0
    z: 0.151945082291568
    roll: -0
    pitch: 0
    yaw: 1.730213275708115e-05
  upper_arm:
    x: 2.547872797691551e-05
    y: 0
    z: 0
    roll: 1.571663457190947
    pitch: 0
    yaw: -3.43820466779812e-05
  forearm:
    x: -0.243596088719865
    y: 0
    z: 0
    roll: 3.134301005924858
    pitch: -3.140591488820994
    yaw: -3.141559830205733
  wrist_1:
    x: -0.2136363039462276
    y: 0.0002060868450167865
    z: 0.111390243368819
    roll: 3.139742521983651
    pitch: -3.138054137707374
    yaw: 3.141524920042088
  wrist_2:
    x: -6.611998315815846e-06
    y: -0.08532985068494199
    z: -0.0001174998272904162
    roll: 1.572173333224436
    pitch: 0
    yaw: 4.451024758568124e-05
  wrist_3:
    x: -8.008284801409662e-05
    y: 0.08225002695180987
    z: -2.455742325372551e-05
    roll: 1.570497756406118
    pitch: 3.141592653589793
    yaw: -3.141540354207777
  hash: calib_4272718930064257893